[gd_scene load_steps=58 format=3 uid="uid://djpidgjyklmd0"]

[ext_resource type="Script" path="res://scripts/Model.gd" id="1_o7rf7"]
[ext_resource type="Script" path="res://scripts/Combat.gd" id="2_osfng"]
[ext_resource type="Script" path="res://scripts/ResourceSystem.gd" id="2_rymiv"]
[ext_resource type="Script" path="res://scripts/SwordAndShield.gd" id="3_l17kr"]
[ext_resource type="Script" path="res://scripts/StaminaResource.gd" id="3_nmmgp"]
[ext_resource type="Script" path="res://scripts/HealthResource.gd" id="4_orlic"]
[ext_resource type="Script" path="res://scripts/StateMachine.gd" id="4_wni50"]
[ext_resource type="Script" path="res://scripts/copy_transform.gd" id="5_m6jfg"]
[ext_resource type="Script" path="res://scripts/States/idle.gd" id="5_yk3wa"]
[ext_resource type="Script" path="res://scripts/States/walking.gd" id="6_fcqtj"]
[ext_resource type="Script" path="res://scripts/States/jump.gd" id="7_h3q2w"]
[ext_resource type="Script" path="res://scripts/Combo/ConsecutiveAttack.gd" id="8_x7ox1"]
[ext_resource type="Script" path="res://scripts/States/Midair.gd" id="9_8m4qj"]
[ext_resource type="Script" path="res://scripts/States/Landing.gd" id="10_pie4k"]
[ext_resource type="Script" path="res://scripts/States/Slash1.gd" id="11_t4byy"]
[ext_resource type="Script" path="res://scripts/States/Slash2.gd" id="12_wvi34"]
[ext_resource type="Script" path="res://scripts/States/PlungeSlashStart.gd" id="13_c4603"]
[ext_resource type="Script" path="res://scripts/States/PlungeSlashMidair.gd" id="14_kx2tc"]
[ext_resource type="Script" path="res://scripts/States/PlungeSlashEnd.gd" id="15_75myp"]
[ext_resource type="Script" path="res://scripts/States/Stagger.gd" id="18_mxijq"]
[ext_resource type="Script" path="res://scripts/WeaponHitBox.gd" id="19_o3kwa"]
[ext_resource type="Script" path="res://scripts/hurt_box.gd" id="20_kls30"]
[ext_resource type="Animation" uid="uid://ccj3miy2htsv7" path="res://assets/character_idle_animation.res" id="21_hkjgl"]
[ext_resource type="Animation" uid="uid://bg8rkyj228cfm" path="res://assets/character_jump_start_animation.res" id="22_dp24l"]
[ext_resource type="Script" path="res://scripts/States/Dodge.gd" id="23_bt2n8"]
[ext_resource type="Animation" uid="uid://ceegpbodr7wuq" path="res://assets/character_jump_end_animation.res" id="23_vburu"]
[ext_resource type="Animation" uid="uid://crb8u1lh1rc1s" path="res://assets/character_falling_animation.res" id="24_cr30s"]
[ext_resource type="Animation" uid="uid://cj5x4s16jmls8" path="res://assets/character_plunge_slash_end_animation.res" id="25_puh1u"]
[ext_resource type="Animation" uid="uid://b3vkvl2miwuyr" path="res://assets/character_plunge_slash_midair_animation.res" id="26_jrec6"]
[ext_resource type="Animation" uid="uid://o6yu41omewnm" path="res://assets/character_plunge_slash_start_animation.res" id="27_jrdgf"]
[ext_resource type="Animation" uid="uid://r7t3ojwc5r3p" path="res://assets/character_slash1_animation.res" id="28_lbxti"]
[ext_resource type="Animation" uid="uid://b8bg8bnsfs73d" path="res://assets/character_slash2_animation.res" id="29_mwetf"]
[ext_resource type="Animation" uid="uid://c6bkq5824mwxs" path="res://assets/character_walking_animation.res" id="30_14lvg"]
[ext_resource type="Script" path="res://scripts/SkeletalAnimationPlayer.gd" id="31_fatso"]
[ext_resource type="Animation" uid="uid://doi0magfeg3ew" path="res://assets/character_stagger_animation.res" id="31_mmtpp"]
[ext_resource type="Script" path="res://scripts/States/RaiseShield.gd" id="31_se5df"]
[ext_resource type="Script" path="res://scripts/MoveDataMapper.gd" id="32_5m0i0"]
[ext_resource type="Script" path="res://scripts/States/Blocking.gd" id="32_iflh3"]
[ext_resource type="Script" path="res://scripts/States/LowerShield.gd" id="33_dpnci"]
[ext_resource type="Animation" uid="uid://r27anp62iope" path="res://assets/character_blocking_animation.res" id="33_jfo0m"]
[ext_resource type="Animation" uid="uid://bg54o3565x5gx" path="res://assets/character_lower_shield_animation.res" id="34_swlxp"]
[ext_resource type="Animation" uid="uid://4f8rwqsaooh" path="res://assets/character_raise_shield_animation.res" id="35_t3ee8"]
[ext_resource type="Animation" uid="uid://bui76vqowkped" path="res://assets/character_dodge_animation.res" id="38_571dw"]

[sub_resource type="CapsuleShape3D" id="CapsuleShape3D_voqef"]
radius = 0.2
height = 1.0

[sub_resource type="CylinderShape3D" id="CylinderShape3D_vglid"]
height = 0.1

[sub_resource type="CapsuleShape3D" id="CapsuleShape3D_3aqvi"]
height = 1.5

[sub_resource type="CapsuleShape3D" id="CapsuleShape3D_wcg7x"]
radius = 0.6
height = 1.7

[sub_resource type="AnimationLibrary" id="AnimationLibrary_y4ehw"]
_data = {
"Blocking": ExtResource("33_jfo0m"),
"Dodge": ExtResource("38_571dw"),
"Idle": ExtResource("21_hkjgl"),
"Jump": ExtResource("22_dp24l"),
"Landing": ExtResource("23_vburu"),
"LowerShield": ExtResource("34_swlxp"),
"Midair": ExtResource("24_cr30s"),
"PlungeSlashEnd": ExtResource("25_puh1u"),
"PlungeSlashMidair": ExtResource("26_jrec6"),
"PlungeSlashStart": ExtResource("27_jrdgf"),
"RaiseShield": ExtResource("35_t3ee8"),
"Slash1": ExtResource("28_lbxti"),
"Slash2": ExtResource("29_mwetf"),
"Stagger": ExtResource("31_mmtpp"),
"Walking": ExtResource("30_14lvg")
}

[sub_resource type="Animation" id="Animation_1s8bv"]
resource_name = "Blocking"
length = 0.4167
tracks/0/type = "value"
tracks/0/imported = false
tracks/0/enabled = true
tracks/0/path = NodePath("Model/MoveDataMapper:can_block")
tracks/0/interp = 1
tracks/0/loop_wrap = true
tracks/0/keys = {
"times": PackedFloat32Array(0),
"transitions": PackedFloat32Array(1),
"update": 1,
"values": [true]
}

[sub_resource type="Animation" id="Animation_7o7ag"]
resource_name = "LowerShield"
length = 0.4167
tracks/0/type = "value"
tracks/0/imported = false
tracks/0/enabled = true
tracks/0/path = NodePath("Model/MoveDataMapper:can_block")
tracks/0/interp = 1
tracks/0/loop_wrap = true
tracks/0/keys = {
"times": PackedFloat32Array(0, 0.2),
"transitions": PackedFloat32Array(1, 1),
"update": 1,
"values": [true, false]
}

[sub_resource type="Animation" id="Animation_8r6pj"]
resource_name = "PlungeSlashEnd"
length = 0.4583
tracks/0/type = "value"
tracks/0/imported = false
tracks/0/enabled = true
tracks/0/path = NodePath("Model/MoveDataMapper:can_damage")
tracks/0/interp = 0
tracks/0/loop_wrap = true
tracks/0/keys = {
"times": PackedFloat32Array(0.000750169, 0.457546),
"transitions": PackedFloat32Array(1, 1),
"update": 1,
"values": [true, true]
}

[sub_resource type="Animation" id="Animation_2iya8"]
resource_name = "PlungeSlashMidair"
length = 0.4583
tracks/0/type = "value"
tracks/0/imported = false
tracks/0/enabled = true
tracks/0/path = NodePath("Model/MoveDataMapper:can_damage")
tracks/0/interp = 0
tracks/0/loop_wrap = true
tracks/0/keys = {
"times": PackedFloat32Array(0.000750169, 0.457546),
"transitions": PackedFloat32Array(1, 1),
"update": 1,
"values": [true, true]
}

[sub_resource type="Animation" id="Animation_12omd"]
resource_name = "PlungeSlashStart"
length = 0.4583
tracks/0/type = "value"
tracks/0/imported = false
tracks/0/enabled = true
tracks/0/path = NodePath("Model/MoveDataMapper:can_damage")
tracks/0/interp = 0
tracks/0/loop_wrap = true
tracks/0/keys = {
"times": PackedFloat32Array(0.000750169, 0.457546),
"transitions": PackedFloat32Array(1, 1),
"update": 1,
"values": [true, true]
}

[sub_resource type="Animation" id="Animation_0epdp"]
resource_name = "RaiseShield"
length = 0.4167
tracks/0/type = "value"
tracks/0/imported = false
tracks/0/enabled = true
tracks/0/path = NodePath("Model/MoveDataMapper:can_block")
tracks/0/interp = 1
tracks/0/loop_wrap = true
tracks/0/keys = {
"times": PackedFloat32Array(0, 0.2),
"transitions": PackedFloat32Array(1, 1),
"update": 1,
"values": [false, true]
}

[sub_resource type="Animation" id="Animation_fovfn"]
resource_name = "Slash1"
length = 0.625
tracks/0/type = "value"
tracks/0/imported = false
tracks/0/enabled = true
tracks/0/path = NodePath("Model/MoveDataMapper:velocity_multiplier")
tracks/0/interp = 1
tracks/0/loop_wrap = true
tracks/0/keys = {
"times": PackedFloat32Array(0, 0.235046, 0.2425, 0.386597, 0.394031, 0.625),
"transitions": PackedFloat32Array(1, 1, 1, 1, 1, 1),
"update": 0,
"values": [0.3, 0.6, 2.08165e-12, 2.08165e-12, 0.3, 0.6]
}
tracks/1/type = "value"
tracks/1/imported = false
tracks/1/enabled = true
tracks/1/path = NodePath("Model/MoveDataMapper:damage_multiplier")
tracks/1/interp = 0
tracks/1/loop_wrap = true
tracks/1/keys = {
"times": PackedFloat32Array(0, 0.23608, 0.242034, 0.38673, 0.394207, 0.625015),
"transitions": PackedFloat32Array(1, 1, 1, 1, 1, 1),
"update": 1,
"values": [2.08165e-12, 2.08165e-12, 1.0, 1.0, 2.08165e-12, 2.08165e-12]
}
tracks/2/type = "value"
tracks/2/imported = false
tracks/2/enabled = true
tracks/2/path = NodePath("Model/MoveDataMapper:can_damage")
tracks/2/interp = 0
tracks/2/loop_wrap = true
tracks/2/keys = {
"times": PackedFloat32Array(0, 0.0575541, 0.0629067, 0.38798, 0.398152, 0.626775),
"transitions": PackedFloat32Array(1, 1, 1, 1, 1, 1),
"update": 1,
"values": [false, false, true, true, false, false]
}

[sub_resource type="Animation" id="Animation_0q7mo"]
resource_name = "Slash2"
length = 0.625
tracks/0/type = "value"
tracks/0/imported = false
tracks/0/enabled = true
tracks/0/path = NodePath("Model/MoveDataMapper:velocity_multiplier")
tracks/0/interp = 1
tracks/0/loop_wrap = true
tracks/0/keys = {
"times": PackedFloat32Array(0, 0.170566, 0.17802, 0.428048, 0.435483, 0.625),
"transitions": PackedFloat32Array(1, 1, 1, 1, 1, 1),
"update": 0,
"values": [2.08165e-12, 2.08165e-12, 0.3, 0.6, 2.08165e-12, 2.08165e-12]
}
tracks/1/type = "value"
tracks/1/imported = false
tracks/1/enabled = true
tracks/1/path = NodePath("Model/MoveDataMapper:damage_multiplier")
tracks/1/interp = 0
tracks/1/loop_wrap = true
tracks/1/keys = {
"times": PackedFloat32Array(0, 0.23608, 0.242034, 0.38673, 0.394207, 0.625015),
"transitions": PackedFloat32Array(1, 1, 1, 1, 1, 1),
"update": 1,
"values": [2.08165e-12, 2.08165e-12, 1.0, 1.0, 2.08165e-12, 2.08165e-12]
}
tracks/2/type = "value"
tracks/2/imported = false
tracks/2/enabled = true
tracks/2/path = NodePath("Model/MoveDataMapper:can_damage")
tracks/2/interp = 0
tracks/2/loop_wrap = true
tracks/2/keys = {
"times": PackedFloat32Array(0.00145311, 0.233951, 0.241701, 0.387496, 0.396699, 0.625321),
"transitions": PackedFloat32Array(1, 1, 1, 1, 1, 1),
"update": 1,
"values": [false, false, true, true, false, false]
}

[sub_resource type="AnimationLibrary" id="AnimationLibrary_68hqx"]
_data = {
"Blocking": SubResource("Animation_1s8bv"),
"LowerShield": SubResource("Animation_7o7ag"),
"PlungeSlashEnd": SubResource("Animation_8r6pj"),
"PlungeSlashMidair": SubResource("Animation_2iya8"),
"PlungeSlashStart": SubResource("Animation_12omd"),
"RaiseShield": SubResource("Animation_0epdp"),
"Slash1": SubResource("Animation_fovfn"),
"Slash2": SubResource("Animation_0q7mo")
}

[node name="Model" type="Node"]
script = ExtResource("1_o7rf7")

[node name="ResourceSystem" type="Node" parent="."]
script = ExtResource("2_rymiv")

[node name="StaminaResource" type="Node" parent="ResourceSystem"]
script = ExtResource("3_nmmgp")
max_resource = 5000

[node name="HealthResource" type="Node" parent="ResourceSystem"]
script = ExtResource("4_orlic")

[node name="CombatSystem" type="Node" parent="."]
script = ExtResource("2_osfng")

[node name="SwordAndShield" type="Node" parent="CombatSystem" node_paths=PackedStringArray("holder")]
script = ExtResource("3_l17kr")
holder = NodePath("../..")

[node name="WeaponHitBox" type="Area3D" parent="CombatSystem/SwordAndShield"]
transform = Transform3D(0.0509423, 0.442509, 0.895314, 0.454326, -0.808617, 0.373804, 0.889377, 0.387724, -0.242235, 0.279465, 0.628397, 0.442221)
collision_layer = 4
collision_mask = 128
script = ExtResource("19_o3kwa")

[node name="HitBoxShape" type="CollisionShape3D" parent="CombatSystem/SwordAndShield/WeaponHitBox"]
transform = Transform3D(1, 0, -1.5246e-23, -1.5246e-23, -4.37114e-08, -1, 0, 1, -4.37114e-08, 2.08165e-12, 2.08165e-12, 0.5)
shape = SubResource("CapsuleShape3D_voqef")

[node name="CopyTransform" type="Node" parent="CombatSystem/SwordAndShield/WeaponHitBox" node_paths=PackedStringArray("to_copy_from")]
script = ExtResource("5_m6jfg")
to_copy_from = NodePath("../../../../rig/Skeleton3D/HandRigR")
global = true

[node name="ShieldHurtBox" type="Area3D" parent="CombatSystem/SwordAndShield" node_paths=PackedStringArray("state_machine")]
collision_layer = 8
collision_mask = 64
script = ExtResource("20_kls30")
state_machine = NodePath("../../../StateMachine")
is_shield = true

[node name="HurtBoxShape" type="CollisionShape3D" parent="CombatSystem/SwordAndShield/ShieldHurtBox"]
transform = Transform3D(-4.37114e-08, -0.999999, 3.48787e-16, 1, -4.37115e-08, -3.48788e-16, 3.48786e-16, 3.48786e-16, 0.999997, -0.179, 2.08165e-12, 2.08164e-12)
shape = SubResource("CylinderShape3D_vglid")

[node name="CopyTransform" type="Node" parent="CombatSystem/SwordAndShield/ShieldHurtBox" node_paths=PackedStringArray("to_copy_from")]
script = ExtResource("5_m6jfg")
to_copy_from = NodePath("../../../../rig/Skeleton3D/HandRigL")
global = true

[node name="StateMachine" type="Node" parent="."]
script = ExtResource("4_wni50")

[node name="Idle" type="Node" parent="StateMachine"]
script = ExtResource("5_yk3wa")
priority = 1

[node name="Walking" type="Node" parent="StateMachine"]
script = ExtResource("6_fcqtj")
movement_speed = 6.0
priority = 2

[node name="Jump" type="Node" parent="StateMachine"]
script = ExtResource("7_h3q2w")
priority = 10
resource_costs = {
"Health": 0,
"Stamina": 10
}

[node name="ConsecutiveAttack" type="Node" parent="StateMachine/Jump"]
script = ExtResource("8_x7ox1")
combat_action_trigger = "Slash1"
triggered_move = "PlungeSlashStart"

[node name="Midair" type="Node" parent="StateMachine"]
script = ExtResource("9_8m4qj")

[node name="ConsecutiveAttack" type="Node" parent="StateMachine/Midair"]
script = ExtResource("8_x7ox1")
panic_timeout = 2.08165e-12
combat_action_trigger = "Slash1"
triggered_move = "PlungeSlashStart"

[node name="Landing" type="Node" parent="StateMachine"]
script = ExtResource("10_pie4k")

[node name="Slash1" type="Node" parent="StateMachine"]
script = ExtResource("11_t4byy")
priority = 8
resource_costs = {
"Health": 0,
"Stamina": 20
}

[node name="ConsecutiveAttack" type="Node" parent="StateMachine/Slash1"]
script = ExtResource("8_x7ox1")
combat_action_trigger = "Slash1"
triggered_move = "Slash2"

[node name="Slash2" type="Node" parent="StateMachine"]
script = ExtResource("12_wvi34")
priority = 8
resource_costs = {
"Health": 0,
"Stamina": 15
}

[node name="PlungeSlashStart" type="Node" parent="StateMachine"]
script = ExtResource("13_c4603")
resource_costs = {
"Health": 0,
"Stamina": 10
}

[node name="PlungeSlashMidair" type="Node" parent="StateMachine"]
script = ExtResource("14_kx2tc")

[node name="PlungeSlashEnd" type="Node" parent="StateMachine"]
script = ExtResource("15_75myp")

[node name="Stagger" type="Node" parent="StateMachine"]
script = ExtResource("18_mxijq")
priority = 200

[node name="RaiseShield" type="Node" parent="StateMachine"]
script = ExtResource("31_se5df")
priority = 7

[node name="Blocking" type="Node" parent="StateMachine"]
script = ExtResource("32_iflh3")
priority = 7

[node name="LowerShield" type="Node" parent="StateMachine"]
script = ExtResource("33_dpnci")
priority = 7

[node name="Dodge" type="Node" parent="StateMachine"]
script = ExtResource("23_bt2n8")
priority = 9
resource_costs = {
"Health": 0,
"Stamina": 20
}

[node name="CharacterBody3D" type="CharacterBody3D" parent="."]
collision_layer = 17

[node name="CollisionShape3D" type="CollisionShape3D" parent="CharacterBody3D"]
transform = Transform3D(1, 0, 0, 0, 1, 0, 0, 0, 1, 2.08165e-12, 0.75, 2.08165e-12)
shape = SubResource("CapsuleShape3D_3aqvi")

[node name="rig" type="Node3D" parent="."]

[node name="Skeleton3D" type="Skeleton3D" parent="rig"]
bones/0/name = "root"
bones/0/parent = -1
bones/0/rest = Transform3D(1, 0, 0, 0, 0, 1, 0, -1, 0, 0, 0, 0)
bones/0/enabled = true
bones/0/position = Vector3(0, 0, 0)
bones/0/rotation = Quaternion(-0.707107, 0, 0, 0.707107)
bones/0/scale = Vector3(1, 1, 1)
bones/1/name = "DEF-spine"
bones/1/parent = 0
bones/1/rest = Transform3D(1.19209e-07, 0.24964, 0.968339, 1, 0, -2.08616e-07, -8.9407e-08, 0.968339, -0.24964, -0.0316024, 0, 0.578175)
bones/1/enabled = true
bones/1/position = Vector3(-0.0316024, -1.8699e-08, 0.578098)
bones/1/rotation = Quaternion(0.558936, 0.558936, 0.433117, 0.433117)
bones/1/scale = Vector3(1, 1, 1)
bones/2/name = "DEF-spine.001"
bones/2/parent = 1
bones/2/rest = Transform3D(1, -3.08192e-08, 3.22111e-07, -1.08877e-08, 0.991685, 0.128684, -3.23399e-07, -0.128684, 0.991685, 1.11022e-15, 0.0871467, -8.3819e-09)
bones/2/enabled = true
bones/2/position = Vector3(1.11022e-15, 0.0871467, -8.3819e-09)
bones/2/rotation = Quaternion(-0.0644764, 1.61714e-07, 4.99327e-09, 0.997919)
bones/2/scale = Vector3(1, 1, 1)
bones/3/name = "DEF-spine.002"
bones/3/parent = 2
bones/3/rest = Transform3D(1, -2.92948e-11, 2.52195e-08, -3.86654e-09, 0.987999, 0.154463, -2.49214e-08, -0.154463, 0.987998, -1.24033e-16, 0.0782255, 6.8394e-10)
bones/3/enabled = true
bones/3/position = Vector3(-1.24033e-16, 0.0782255, 6.8394e-10)
bones/3/rotation = Quaternion(-0.034735, 1.52994e-08, 2.05777e-08, 0.999397)
bones/3/scale = Vector3(1.00214, 1.00854, 1.00214)
bones/4/name = "DEF-spine.003"
bones/4/parent = 3
bones/4/rest = Transform3D(1, -8.14626e-11, 2.77572e-08, 1.71791e-10, 0.999995, -0.00325425, -2.77568e-08, 0.00325425, 0.999995, 1.11022e-16, 0.0989795, -2.32831e-10)
bones/4/enabled = true
bones/4/position = Vector3(1.11022e-16, 0.0989795, -2.32831e-10)
bones/4/rotation = Quaternion(0.0444133, 2.12143e-08, -1.56155e-08, 0.999013)
bones/4/scale = Vector3(1.00638, 1.00005, 1.00633)
bones/5/name = "DEF-spine.004"
bones/5/parent = 4
bones/5/rest = Transform3D(1, -2.08613e-08, -7.04964e-08, -8.69553e-09, 0.918604, -0.39518, 7.30022e-08, 0.39518, 0.918604, 2.77556e-16, 0.110253, 9.31323e-10)
bones/5/enabled = true
bones/5/position = Vector3(2.77556e-16, 0.110253, 9.31323e-10)
bones/5/rotation = Quaternion(0.159823, 3.33332e-08, -3.71401e-07, 0.987146)
bones/5/scale = Vector3(0.991836, 0.990936, 0.991836)
bones/6/name = "DEF-spine.005"
bones/6/parent = 5
bones/6/rest = Transform3D(1, -6.30229e-09, 1.68516e-07, -4.22275e-08, 0.958105, 0.286416, -1.63261e-07, -0.286416, 0.958105, -9.02056e-16, 0.0378791, -6.51926e-09)
bones/6/enabled = true
bones/6/position = Vector3(-9.02056e-16, 0.0378791, -6.51926e-09)
bones/6/rotation = Quaternion(-0.144836, 0.0206451, -0.00302535, 0.989236)
bones/6/scale = Vector3(1.00001, 0.9999, 1.00009)
bones/7/name = "DEF-spine.006"
bones/7/parent = 6
bones/7/rest = Transform3D(1, 1.28423e-08, -1.46874e-07, 6.21725e-15, 0.996199, 0.0871056, 1.47434e-07, -0.0871056, 0.996199, -5.55112e-16, 0.076899, 6.51926e-09)
bones/7/enabled = true
bones/7/position = Vector3(-5.55112e-16, 0.076899, 6.51926e-09)
bones/7/rotation = Quaternion(-0.0866969, 0.0209864, -0.00544409, 0.995999)
bones/7/scale = Vector3(0.999685, 1.0006, 0.999713)
bones/8/name = "VIS_upper_arm_ik_pole.L"
bones/8/parent = 0
bones/8/rest = Transform3D(-0.213315, 0, 0.976983, 0.976983, 0, 0.213315, 0, 1, 0, -0.0506669, 0.451456, 0.841269)
bones/8/enabled = true
bones/8/position = Vector3(-0.00541639, 0.380897, 0.677689)
bones/8/rotation = Quaternion(0.146467, 0.363887, 0.639338, 0.661348)
bones/8/scale = Vector3(1, 29.2692, 1)
bones/9/name = "VIS_upper_arm_ik_pole.R"
bones/9/parent = 0
bones/9/rest = Transform3D(0.280213, 0, -0.959938, -0.959938, 0, -0.280213, 0, 1, 0, -0.0506669, -0.451456, 0.841269)
bones/9/enabled = true
bones/9/position = Vector3(-0.00742658, -0.376664, 0.691579)
bones/9/rotation = Quaternion(0.736142, -0.583209, -0.185507, 0.28905)
bones/9/scale = Vector3(1, 28.6102, 1)
bones/10/name = "VIS_thigh_ik_pole.L"
bones/10/parent = 0
bones/10/rest = Transform3D(0.0992497, -5.96046e-08, -0.995063, -0.995063, 0, -0.0992496, -5.96046e-08, 1, 0, 0.0163737, 0.187643, 0.307551)
bones/10/enabled = true
bones/10/position = Vector3(0.00912381, 0.190633, 0.306985)
bones/10/rotation = Quaternion(0.0360369, 0.0379256, -0.708036, 0.704236)
bones/10/scale = Vector3(1, 22.0046, 1)
bones/11/name = "VIS_thigh_ik_pole.R"
bones/11/parent = 0
bones/11/rest = Transform3D(0.0992556, 2.98023e-08, -0.995062, -0.995062, 5.96046e-08, -0.0992556, 2.98023e-08, 1, 5.96046e-08, 0.0163737, -0.187643, 0.307551)
bones/11/enabled = true
bones/11/position = Vector3(0.0302786, -0.185468, 0.308748)
bones/11/rotation = Quaternion(0.0343945, 0.0386714, -0.707665, 0.70465)
bones/11/scale = Vector3(1, 21.1913, 1)
bones/12/name = "MCH-torso.parent"
bones/12/parent = -1
bones/12/rest = Transform3D(1, 0, 0, 0, 0, 1, 0, -1, 0, -0.0207248, 0.620369, 9.05908e-10)
bones/12/enabled = true
bones/12/position = Vector3(-0.0207248, 0.620369, 9.05908e-10)
bones/12/rotation = Quaternion(-0.707107, 0, 0, 0.707107)
bones/12/scale = Vector3(1, 1, 1)
bones/13/name = "torso"
bones/13/parent = 12
bones/13/rest = Transform3D(1, 0, 0, 0, 1, 0, 0, 0, 1, 0, 0, 0)
bones/13/enabled = true
bones/13/position = Vector3(0, 0, -7.76052e-05)
bones/13/rotation = Quaternion(0, 0, 0, 1)
bones/13/scale = Vector3(1, 1, 1)
bones/14/name = "hips"
bones/14/parent = 13
bones/14/rest = Transform3D(1, 0, 0, 0, 1, 0, 0, 0, 1, 0.0204958, -2.98023e-08, 0.119826)
bones/14/enabled = true
bones/14/position = Vector3(0.0204958, -2.98023e-08, 0.119826)
bones/14/rotation = Quaternion(0, 0, 0, 1)
bones/14/scale = Vector3(1, 1, 1)
bones/15/name = "chest"
bones/15/parent = 13
bones/15/rest = Transform3D(1, 0, 0, 0, 1, 0, 0, 0, 1, 0.0204958, -2.98023e-08, 0.119826)
bones/15/enabled = true
bones/15/position = Vector3(0.0204958, -2.98023e-08, 0.119826)
bones/15/rotation = Quaternion(-1.1143e-16, 0.0854953, 1.1487e-08, 0.996339)
bones/15/scale = Vector3(1, 1, 1)
bones/16/name = "MCH-spine.001"
bones/16/parent = 13
bones/16/rest = Transform3D(1, 0, 0, 0, 1, 0, 0, 0, 1, 0.0204958, -2.98023e-08, 0.119826)
bones/16/enabled = true
bones/16/position = Vector3(0.0204958, -2.98023e-08, 0.119826)
bones/16/rotation = Quaternion(0, 0, 0, 1)
bones/16/scale = Vector3(1, 1, 1)
bones/17/name = "spine_fk.001"
bones/17/parent = 16
bones/17/rest = Transform3D(0, 0.122954, 0.992412, 1, -1.19209e-07, 0, 1.19209e-07, 0.992412, -0.122954, 1.45519e-11, 1.49012e-08, 0)
bones/17/enabled = true
bones/17/position = Vector3(1.45519e-11, 1.49012e-08, 0)
bones/17/rotation = Quaternion(0.529848, 0.529848, 0.468254, 0.468254)
bones/17/scale = Vector3(1, 1, 1)
bones/18/name = "MCH-spine"
bones/18/parent = 17
bones/18/rest = Transform3D(0, 1, 2.98023e-08, 0.122954, 0, 0.992412, 0.992412, 2.98023e-08, -0.122954, -8.40845e-10, -0.0782255, -4.65661e-09)
bones/18/enabled = true
bones/18/position = Vector3(-8.40845e-10, -0.0782255, -4.65661e-09)
bones/18/rotation = Quaternion(-0.529848, -0.529848, -0.468254, 0.468254)
bones/18/scale = Vector3(1, 1, 1)
bones/19/name = "spine_fk"
bones/19/parent = 18
bones/19/rest = Transform3D(2.98023e-07, 0.24964, 0.968339, 1, -1.19209e-07, -3.8743e-07, -8.9407e-08, 0.968339, -0.24964, -2.14251e-09, -1.68615e-15, 5.94579e-08)
bones/19/enabled = true
bones/19/position = Vector3(-2.14251e-09, -1.68615e-15, 5.94579e-08)
bones/19/rotation = Quaternion(0.558937, 0.558936, 0.433117, 0.433117)
bones/19/scale = Vector3(1, 1, 1)
bones/20/name = "tweak_spine"
bones/20/parent = 19
bones/20/rest = Transform3D(1, 1.17677e-08, 2.87853e-07, -1.17677e-08, 1, 1.78814e-07, -2.87853e-07, -1.78814e-07, 1, -2.05103e-09, -0.0871468, 1.67638e-08)
bones/20/enabled = true
bones/20/position = Vector3(-2.05103e-09, -0.0871468, 1.67638e-08)
bones/20/rotation = Quaternion(-8.9407e-08, 1.43927e-07, -5.88386e-09, 1)
bones/20/scale = Vector3(1, 1, 1)
bones/21/name = "ORG-spine"
bones/21/parent = 20
bones/21/rest = Transform3D(1, 9.7214e-15, -1.61119e-07, -3.61308e-14, 1, -1.63913e-07, 1.61119e-07, 1.63913e-07, 1, 1.31839e-16, -5.4948e-08, 1.30385e-08)
bones/21/enabled = true
bones/21/position = Vector3(1.31839e-16, -5.4948e-08, 1.30385e-08)
bones/21/rotation = Quaternion(8.19564e-08, -8.05594e-08, -1.14631e-14, 1)
bones/21/scale = Vector3(1, 1, 1)
bones/22/name = "ORG-pelvis.L"
bones/22/parent = 21
bones/22/rest = Transform3D(-0.421772, 0.536322, -0.731073, -0.0525323, 0.79049, 0.610218, 0.905179, 0.295778, -0.305232, -5.77316e-15, -9.99201e-16, 3.41394e-15)
bones/22/enabled = true
bones/22/position = Vector3(-5.77316e-15, -9.99201e-16, 3.41394e-15)
bones/22/rotation = Quaternion(-0.152455, -0.793331, -0.285504, 0.515627)
bones/22/scale = Vector3(1, 1, 1)
bones/23/name = "DEF-pelvis.L"
bones/23/parent = 22
bones/23/rest = Transform3D(1, -4.1217e-15, 2.01166e-07, -4.1217e-15, 1, 4.09782e-08, -2.01166e-07, -4.09782e-08, 1, 1.08434e-08, 2.01647e-08, -4.51893e-09)
bones/23/enabled = true
bones/23/position = Vector3(1.08434e-08, 2.01647e-08, -4.51893e-09)
bones/23/rotation = Quaternion(-2.04891e-08, 1.00583e-07, 0, 1)
bones/23/scale = Vector3(1, 1, 1)
bones/24/name = "ORG-pelvis.R"
bones/24/parent = 21
bones/24/rest = Transform3D(-0.421772, -0.536322, 0.731072, 0.0525323, 0.79049, 0.610218, -0.905179, 0.295778, -0.305232, -5.77316e-15, -9.99201e-16, 3.41394e-15)
bones/24/enabled = true
bones/24/position = Vector3(-5.77316e-15, -9.99201e-16, 3.41394e-15)
bones/24/rotation = Quaternion(-0.152455, 0.793331, 0.285504, 0.515627)
bones/24/scale = Vector3(1, 1, 1)
bones/25/name = "DEF-pelvis.R"
bones/25/parent = 24
bones/25/rest = Transform3D(1, -1.41561e-07, -5.21541e-08, 1.41561e-07, 1, 7.45058e-08, 5.21541e-08, -7.45058e-08, 1, 1.78997e-08, 2.56588e-08, -2.61833e-08)
bones/25/enabled = true
bones/25/position = Vector3(1.78997e-08, 2.56588e-08, -2.61833e-08)
bones/25/rotation = Quaternion(-3.72529e-08, -2.6077e-08, 7.07805e-08, 1)
bones/25/scale = Vector3(1, 1, 1)
bones/26/name = "ORG-thigh.L"
bones/26/parent = 21
bones/26/rest = Transform3D(1, 4.85261e-08, 5.81401e-08, 6.47013e-08, -0.946423, -0.322929, 3.93547e-08, 0.322929, -0.946423, 0.187643, 0.0405441, 0.0148521)
bones/26/enabled = true
bones/26/position = Vector3(0.187643, 0.0405441, 0.0148521)
bones/26/rotation = Quaternion(0.988371, 0.00486251, -0.000411998, 0.151985)
bones/26/scale = Vector3(1.00011, 1.00011, 1.00011)
bones/27/name = "ORG-shin.L"
bones/27/parent = 26
bones/27/rest = Transform3D(1, -2.24863e-08, 0.00062075, 0.000108288, 0.984673, -0.17441, -0.000611232, 0.17441, 0.984673, 4.02586e-09, 0.307075, -4.517e-09)
bones/27/enabled = true
bones/27/position = Vector3(4.02586e-09, 0.307075, -4.517e-09)
bones/27/rotation = Quaternion(0.0864924, 0.000309165, 2.75132e-05, 0.996252)
bones/27/scale = Vector3(1.00002, 1.00002, 1.00002)
bones/28/name = "ORG-foot.L"
bones/28/parent = 27
bones/28/rest = Transform3D(1, 0.000556463, 7.02611e-05, -0.000309908, 0.443775, 0.896138, 0.000467488, -0.896138, 0.443775, -1.32195e-09, 0.260041, 7.567e-10)
bones/28/enabled = true
bones/28/position = Vector3(-1.32195e-09, 0.260041, 7.567e-10)
bones/28/rotation = Quaternion(-0.536488, -0.00228706, 0.00411034, 0.843895)
bones/28/scale = Vector3(0.999872, 0.999871, 0.999872)
bones/29/name = "ORG-toe.L"
bones/29/parent = 28
bones/29/rest = Transform3D(-1, 0.000183287, 0.000293292, -1.67638e-08, 0.847998, -0.529999, -0.000345853, -0.529999, -0.847998, -1.75237e-09, 0.073994, 8.73115e-11)
bones/29/enabled = true
bones/29/position = Vector3(2.4339e-07, 0.0740072, 2.27572e-05)
bones/29/rotation = Quaternion(4.76648e-05, 0.961249, -0.275682, 0.000166228)
bones/29/scale = Vector3(1, 1, 1)
bones/30/name = "ORG-heel.02.L"
bones/30/parent = 28
bones/30/rest = Transform3D(0.000293255, 1, -0.000183225, -0.529998, 5.96046e-08, -0.847999, -0.847998, 0.000345767, 0.529998, -0.0217727, 0.0114332, 0.0503676)
bones/30/enabled = true
bones/30/position = Vector3(-0.0217727, 0.0114332, 0.0503676)
bones/30/rotation = Quaternion(0.34289, 0.342676, -0.618406, 0.618525)
bones/30/scale = Vector3(1, 1, 1)
bones/31/name = "MCH-foot_tweak.L"
bones/31/parent = 28
bones/31/rest = Transform3D(1, -1.04805e-10, -1.19184e-07, 1.04731e-10, 1, -6.25855e-07, 1.19184e-07, 6.25855e-07, 1, -1.75748e-09, -3.5737e-09, -1.01572e-08)
bones/31/enabled = true
bones/31/position = Vector3(-1.75748e-09, -3.5737e-09, -1.01572e-08)
bones/31/rotation = Quaternion(3.12927e-07, -5.95919e-08, 5.2384e-11, 1)
bones/31/scale = Vector3(1, 1, 1)
bones/32/name = "foot_tweak.L"
bones/32/parent = 31
bones/32/rest = Transform3D(1, 2.3058e-10, 1.78799e-07, -2.30697e-10, 1, 6.55645e-07, -1.78799e-07, -6.55645e-07, 1, -2.10057e-08, -8.2112e-09, -8.58563e-10)
bones/32/enabled = true
bones/32/position = Vector3(-2.10057e-08, -8.2112e-09, -8.58563e-10)
bones/32/rotation = Quaternion(-3.27823e-07, 8.93997e-08, -1.15319e-10, 1)
bones/32/scale = Vector3(1, 1, 1)
bones/33/name = "MCH-shin_tweak.L"
bones/33/parent = 27
bones/33/rest = Transform3D(1, 3.29222e-11, 2.67423e-08, -3.29239e-11, 1, 6.33158e-08, -2.67423e-08, -6.33158e-08, 1, -1.33423e-09, -4.91777e-08, 1.70548e-08)
bones/33/enabled = true
bones/33/position = Vector3(-1.33423e-09, -4.91777e-08, 1.70548e-08)
bones/33/rotation = Quaternion(-3.16579e-08, 1.33712e-08, -1.64615e-11, 1)
bones/33/scale = Vector3(0.999872, 0.999872, 0.999872)
bones/34/name = "shin_tweak.L"
bones/34/parent = 33
bones/34/rest = Transform3D(1, -3.92017e-12, 1.06866e-11, 3.92017e-12, 1, -1.86406e-08, -1.06866e-11, 1.86406e-08, 1, -1.69985e-09, -1.82125e-08, 1.57888e-09)
bones/34/enabled = true
bones/34/position = Vector3(-1.13849e-06, 0.000156349, 0.000351311)
bones/34/rotation = Quaternion(9.3203e-09, 5.34328e-12, 1.96009e-12, 1)
bones/34/scale = Vector3(1, 1, 1)
bones/35/name = "MCH-shin_tweak.L.001"
bones/35/parent = 27
bones/35/rest = Transform3D(1, 1.6963e-11, -0.000126452, -9.42728e-12, 1, 5.95934e-08, 0.000126452, -5.95934e-08, 1, -1.33059e-09, 0.130021, 1.33296e-08)
bones/35/enabled = true
bones/35/position = Vector3(-5.70991e-07, 0.130099, 0.000175644)
bones/35/rotation = Quaternion(-0.000676001, -0.00124223, -1.40562e-06, 0.999999)
bones/35/scale = Vector3(0.999872, 0.999872, 0.999872)
bones/36/name = "shin_tweak.L.001"
bones/36/parent = 35
bones/36/rest = Transform3D(1, 5.81881e-12, 0.000126478, -1.57651e-12, 1, -3.35418e-08, -0.000126478, 3.35418e-08, 1, 8.68795e-10, 2.68659e-08, -8.00355e-10)
bones/36/enabled = true
bones/36/position = Vector3(8.68795e-10, 2.68659e-08, -8.00355e-10)
bones/36/rotation = Quaternion(1.67709e-08, 6.32391e-05, -1.84883e-12, 1)
bones/36/scale = Vector3(1, 1, 1)
bones/37/name = "MCH-thigh_parent_widget.L"
bones/37/parent = 26
bones/37/rest = Transform3D(1, 1.38313e-08, 7.49424e-08, -1.38313e-08, 1, 1.37836e-07, -7.49424e-08, -1.37836e-07, 1, -2.2138e-10, -2.48417e-08, -3.58568e-09)
bones/37/enabled = true
bones/37/position = Vector3(-2.2138e-10, -2.48417e-08, -3.58568e-09)
bones/37/rotation = Quaternion(-6.89179e-08, 3.74712e-08, -6.91566e-09, 1)
bones/37/scale = Vector3(0.999892, 0.999891, 0.999891)
bones/38/name = "MCH-thigh_tweak.L.001"
bones/38/parent = 26
bones/38/rest = Transform3D(1, 1.38314e-08, 0.000309768, -1.38175e-08, 1, -4.47151e-08, -0.000309768, 4.47108e-08, 1, 1.90224e-09, 0.153538, -1.25737e-09)
bones/38/enabled = true
bones/38/position = Vector3(-4.40234e-07, 0.153584, 0.000186478)
bones/38/rotation = Quaternion(0.000607101, -4.02485e-05, 1.48109e-06, 1)
bones/38/scale = Vector3(0.999892, 0.999891, 0.999891)
bones/39/name = "thigh_tweak.L.001"
bones/39/parent = 38
bones/39/rest = Transform3D(1, 1.40113e-11, -0.000309753, -1.6424e-13, 1, 4.47035e-08, 0.000309753, -4.47035e-08, 1, -5.21072e-09, 2.69102e-08, -2.94676e-10)
bones/39/enabled = true
bones/39/position = Vector3(-5.21072e-09, 2.69102e-08, -2.94676e-10)
bones/39/rotation = Quaternion(-2.23517e-08, -0.000154877, -3.54388e-12, 1)
bones/39/scale = Vector3(1, 1, 1)
bones/40/name = "ORG-thigh.R"
bones/40/parent = 21
bones/40/rest = Transform3D(1, 4.85261e-08, 5.06603e-08, 6.22858e-08, -0.946423, -0.322929, 3.22755e-08, 0.322929, -0.946425, -0.187643, 0.0405441, 0.0148522)
bones/40/enabled = true
bones/40/position = Vector3(-0.187643, 0.0405441, 0.0148522)
bones/40/rotation = Quaternion(0.982534, 0.00354435, -0.000304575, 0.186051)
bones/40/scale = Vector3(1.00038, 1.00038, 1.00038)
bones/41/name = "ORG-shin.R"
bones/41/parent = 40
bones/41/rest = Transform3D(1, -2.11767e-08, 0.000626734, 0.00010933, 0.984673, -0.17441, -0.000617124, 0.17441, 0.984673, -1.11732e-08, 0.307075, 2.19537e-09)
bones/41/enabled = true
bones/41/position = Vector3(-1.11732e-08, 0.307075, 2.19537e-09)
bones/41/rotation = Quaternion(0.0839079, 0.000312072, 2.85873e-05, 0.996473)
bones/41/scale = Vector3(1.00007, 1.00007, 1.00007)
bones/42/name = "ORG-foot.R"
bones/42/parent = 41
bones/42/rest = Transform3D(1, 0.000561818, 6.66254e-05, -0.000309027, 0.443775, 0.896138, 0.0004739, -0.896138, 0.443776, 1.91101e-08, 0.260041, 1.02591e-09)
bones/42/enabled = true
bones/42/position = Vector3(1.91101e-08, 0.260041, 1.02591e-09)
bones/42/rotation = Quaternion(-0.504769, -0.0017079, 0.00293637, 0.863248)
bones/42/scale = Vector3(0.99955, 0.99955, 0.99955)
bones/43/name = "ORG-toe.R"
bones/43/parent = 42
bones/43/rest = Transform3D(-1, 0.000182767, 0.000292487, -3.25163e-08, 0.847998, -0.529999, -0.000344895, -0.529999, -0.847998, -2.27199e-08, 0.0739939, -1.45519e-11)
bones/43/enabled = true
bones/43/position = Vector3(6.35239e-07, 0.074047, 7.79903e-05)
bones/43/rotation = Quaternion(4.75252e-05, 0.961249, -0.275683, 0.000165769)
bones/43/scale = Vector3(1, 1, 1)
bones/44/name = "ORG-heel.02.R"
bones/44/parent = 42
bones/44/rest = Transform3D(0.00029248, -1, 0.000182927, -0.53, 5.96046e-08, 0.847998, -0.847998, -0.000344992, -0.53, 0.0217379, 0.0114332, 0.0503827)
bones/44/enabled = true
bones/44/position = Vector3(0.0217379, 0.0114332, 0.0503827)
bones/44/rotation = Quaternion(-0.618525, 0.618407, 0.342676, 0.342889)
bones/44/scale = Vector3(1, 1, 1)
bones/45/name = "MCH-foot_tweak.R"
bones/45/parent = 42
bones/45/rest = Transform3D(1, -1.9795e-10, -1.19315e-07, 1.97877e-10, 1, -6.10953e-07, 1.19315e-07, 6.10953e-07, 1, -2.27222e-08, 1.09997e-08, 6.50471e-09)
bones/45/enabled = true
bones/45/position = Vector3(-2.27222e-08, 1.09997e-08, 6.50471e-09)
bones/45/rotation = Quaternion(3.05477e-07, -5.96574e-08, 9.89566e-11, 1)
bones/45/scale = Vector3(1, 1, 1)
bones/46/name = "foot_tweak.R"
bones/46/parent = 45
bones/46/rest = Transform3D(1, 2.23658e-10, 1.48939e-07, -2.2376e-10, 1, 6.85448e-07, -1.48939e-07, -6.85448e-07, 1, -1.21781e-08, -2.04155e-09, 6.07542e-09)
bones/46/enabled = true
bones/46/position = Vector3(-1.21781e-08, -2.04155e-09, 6.07542e-09)
bones/46/rotation = Quaternion(-3.42724e-07, 7.44694e-08, -1.11854e-10, 1)
bones/46/scale = Vector3(1, 1, 1)
bones/47/name = "MCH-shin_tweak.R"
bones/47/parent = 41
bones/47/rest = Transform3D(1, 6.17769e-11, 1.27307e-08, -6.1777e-11, 1, 3.71099e-09, -1.27307e-08, -3.71099e-09, 1, 1.91158e-08, -9.36646e-08, -2.23372e-09)
bones/47/enabled = true
bones/47/position = Vector3(1.91158e-08, -9.36646e-08, -2.23372e-09)
bones/47/rotation = Quaternion(-1.85549e-09, 6.36533e-09, -3.08885e-11, 1)
bones/47/scale = Vector3(0.99955, 0.99955, 0.99955)
bones/48/name = "shin_tweak.R"
bones/48/parent = 47
bones/48/rest = Transform3D(1, -5.92574e-11, 1.47793e-11, 5.92574e-11, 1, 1.11616e-08, -1.47793e-11, -1.11616e-08, 1, 4.05544e-09, -3.38367e-08, 9.74978e-10)
bones/48/enabled = true
bones/48/position = Vector3(-7.88165e-07, 0.000129268, 0.000362131)
bones/48/rotation = Quaternion(-5.5808e-09, 7.38964e-12, 2.96287e-11, 1)
bones/48/scale = Vector3(1, 1, 1)
bones/49/name = "MCH-shin_tweak.R.001"
bones/49/parent = 41
bones/49/rest = Transform3D(1, 1.55669e-11, -0.000129677, -1.50853e-11, 1, 3.71396e-09, 0.000129677, -3.71396e-09, 1, 1.91135e-08, 0.130021, -1.76806e-09)
bones/49/enabled = true
bones/49/position = Vector3(-4.07833e-07, 0.130085, 0.000180986)
bones/49/rotation = Quaternion(-0.00069639, -0.000917882, -8.32086e-07, 0.999999)
bones/49/scale = Vector3(0.99955, 0.99955, 0.999549)
bones/50/name = "shin_tweak.R.001"
bones/50/parent = 49
bones/50/rest = Transform3D(1, -2.26555e-11, 0.000129689, 2.21743e-11, 1, 3.71102e-09, -0.000129689, -3.71101e-09, 1, 2.18897e-08, 2.68225e-08, 1.07684e-09)
bones/50/enabled = true
bones/50/position = Vector3(2.18897e-08, 2.68225e-08, 1.07684e-09)
bones/50/rotation = Quaternion(-1.85551e-09, 6.48447e-05, 1.12075e-11, 1)
bones/50/scale = Vector3(1, 1, 1)
bones/51/name = "MCH-thigh_parent_widget.R"
bones/51/parent = 40
bones/51/rest = Transform3D(1, 1.38313e-08, 8.24221e-08, -1.38313e-08, 1, 7.45058e-08, -8.24221e-08, -7.45058e-08, 1, -1.54205e-08, 3.36304e-09, 9.18029e-09)
bones/51/enabled = true
bones/51/position = Vector3(-1.54205e-08, 3.36304e-09, 9.18029e-09)
bones/51/rotation = Quaternion(-3.72529e-08, 4.1211e-08, -6.91565e-09, 1)
bones/51/scale = Vector3(0.99962, 0.999619, 0.999619)
bones/52/name = "MCH-thigh_tweak.R.001"
bones/52/parent = 40
bones/52/rest = Transform3D(1, 1.38306e-08, 0.000312756, -1.38236e-08, 1, -2.23635e-08, -0.000312756, 2.23592e-08, 1, -1.32969e-08, 0.153538, 5.455e-09)
bones/52/enabled = true
bones/52/position = Vector3(-2.87238e-07, 0.153571, 0.00018923)
bones/52/rotation = Quaternion(0.000616181, 1.62081e-05, 9.12269e-07, 1)
bones/52/scale = Vector3(0.99962, 0.999619, 0.999619)
bones/53/name = "thigh_tweak.R.001"
bones/53/parent = 52
bones/53/rest = Transform3D(1, 1.75965e-11, -0.000312733, 4.53895e-12, 1, 7.07805e-08, 0.000312733, -7.07805e-08, 1, -5.71811e-09, -1.62578e-08, -1.56797e-09)
bones/53/enabled = true
bones/53/position = Vector3(-5.71811e-09, -1.62578e-08, -1.56797e-09)
bones/53/rotation = Quaternion(-3.53903e-08, -0.000156367, -3.26438e-12, 1)
bones/53/scale = Vector3(1, 1, 1)
bones/54/name = "thigh_parent.L"
bones/54/parent = 21
bones/54/rest = Transform3D(-0.0764397, -2.98023e-08, 0.997074, 0.321984, -0.946423, 0.0246846, 0.943654, 0.322929, 0.0723443, 0.187643, 0.0405441, 0.0148521)
bones/54/enabled = true
bones/54/position = Vector3(0.187643, 0.0405441, 0.0148521)
bones/54/rotation = Quaternion(0.67038, 0.120075, 0.723742, 0.111222)
bones/54/scale = Vector3(1, 1, 1)
bones/55/name = "MCH-thigh_parent.L"
bones/55/parent = 21
bones/55/rest = Transform3D(2.38419e-07, 1, -2.98023e-08, 0.24964, 0, 0.968339, 0.968339, -2.68221e-07, -0.249639, 0.187643, 0.0405441, 0.0148521)
bones/55/enabled = true
bones/55/position = Vector3(0.187643, 0.0405441, 0.0148521)
bones/55/rotation = Quaternion(-0.558936, -0.558936, -0.433117, 0.433117)
bones/55/scale = Vector3(1, 1, 1)
bones/56/name = "thigh_fk.L"
bones/56/parent = 55
bones/56/rest = Transform3D(1.19209e-07, 0.0764397, -0.997074, 1, 0, 1.49012e-07, 5.96046e-08, -0.997074, -0.0764397, -9.03064e-11, -4.5212e-09, 1.1896e-09)
bones/56/enabled = true
bones/56/position = Vector3(-9.03064e-11, -4.5212e-09, 1.1896e-09)
bones/56/rotation = Quaternion(-0.518758, -0.518758, 0.48051, 0.48051)
bones/56/scale = Vector3(1, 1, 1)
bones/57/name = "shin_fk.L"
bones/57/parent = 56
bones/57/rest = Transform3D(1, -3.06245e-08, 0.000620706, 0.000108288, 0.984673, -0.17441, -0.000611187, 0.17441, 0.984673, 2.08098e-08, 0.307075, -2.4409e-09)
bones/57/enabled = true
bones/57/position = Vector3(2.08098e-08, 0.307075, -2.4409e-09)
bones/57/rotation = Quaternion(0.0875412, 0.00030916, 2.7184e-05, 0.996161)
bones/57/scale = Vector3(1, 1, 1)
bones/58/name = "MCH-foot_fk.L"
bones/58/parent = 57
bones/58/rest = Transform3D(1, 0.000556463, 7.03204e-05, -0.000309961, 0.443775, 0.896138, 0.000467462, -0.896138, 0.443775, 1.35815e-08, 0.260041, 7.49424e-10)
bones/58/enabled = true
bones/58/position = Vector3(1.35815e-08, 0.260041, 7.49424e-10)
bones/58/rotation = Quaternion(-0.527364, -0.000116856, -0.000254939, 0.84964)
bones/58/scale = Vector3(1, 1, 1)
bones/59/name = "foot_fk.L"
bones/59/parent = 58
bones/59/rest = Transform3D(1, -5.43497e-11, -5.94846e-08, 5.43497e-11, 1, 4.15545e-12, 5.94846e-08, -4.15546e-12, 1, 4.1473e-10, 7.82866e-10, 2.32831e-10)
bones/59/enabled = true
bones/59/position = Vector3(4.1473e-10, 7.82866e-10, 2.32831e-10)
